z: 8.6666666666666661
x1: 3.333333333333333
x2: 2.6666666666666665
