z: 4361904.6827381393
x1m: 271.42858499999994
x1a: 0
x1f: 0
x2m: 290.47648452372141
x2a: 150.59483377988306
x2f: 0
x3m: 0
x3a: 237.5
x3f: 0
