z: 189.28888888888889
x_b2_r: 3.3333333333333335
x_el_r: 0
x_bn_r: 0
x_b2_c: 1.1555555555555557
x_el_c: 0
x_bn_c: 12
